[0.21173059490456683, 0.21796342106218286, 0.22047104271785775, 0.22166722681652343, 0.2222688553641679, 0.22256021489502334, 0.22267472100624344, 0.22268233003427526, 0.22262272100959543, 0.22251975050472725, 0.22238841636267428, 0.22223848139826352, 0.22207647773887682, 0.22190687177908458, 0.22173276961511343]
[0.21111431462317548, 0.21716716716716716, 0.21984905735980606, 0.2204803235526724, 0.22361939850226262, 0.22154586375912774, 0.22173969731312745, 0.2227346850516449, 0.22145422172430004, 0.2227394103693663, 0.2230414194089792, 0.22112407716122887, 0.22289855072463768, 0.22138808852958452, 0.22083454158208926]

model:
[[0.21173059490456606, 0.21796342106219485, 0.22047104271784848, 0.22166722681649817, 0.22226885536418614, 0.22256021489505157, 0.22267472100623092, 0.22268233003425572, 0.22262272100959726, 0.22251975050472675, 0.22238841636266612, 0.2222384813982745, 0.22207647773887856, 0.22190687177910734], [0.2801743391128086, 0.3166551353248151, 0.3441681928723656, 0.3554051147524066, 0.3517015581344847, 0.34890169615799144, 0.34646434510164437, 0.34427142023162866, 0.3422750954557372, 0.3404453695617542, 0.3387594493421298, 0.33719882440175064, 0.33574810136907096, 0.33439434179537586], [0.2999606297507934, 0.3441681928723656, 0.376548558497511, 0.40256993275574904, 0.42453290820938633, 0.44364906271260884, 0.4461907094335505, 0.440715746857731, 0.43560431733841715, 0.43099876348724364, 0.4268706566597469, 0.4231596503309734, 0.4198054659488298, 0.4167555793210707], [0.3166551353248151, 0.3666299073389893, 0.40256993275574904, 0.4311785209401317, 0.45518141881974256, 0.4759865751106372, 0.4944254269487152, 0.5010611866840842, 0.4957461948546288, 0.49051669102418877, 0.48563559678051577, 0.4811374342214366, 0.4770025359926269, 0.473197118245128], [0.3312066455711007, 0.38578142064794807, 0.42453290820938633, 0.45518141881974256, 0.4807934468252069, 0.5029324383645511, 0.5225137680393401, 0.540123615974901, 0.5390863815947206, 0.5337085268383648, 0.528495120443284, 0.5236065500417041, 0.5190654059541134, 0.5148555168892904]]
sim:
100
[0.21014132165605096, 0.21650956584255301, 0.2211517341906112, 0.21739697051717743, 0.21998722860791825, 0.22203354276752804, 0.22316336213354643, 0.2210510555472376, 0.22171096627374262, 0.21909678712846473, 0.2228625366386805, 0.2209255533199195, 0.21953673723536737, 0.22072108242662705]
200
[0.2800805756549277, 0.31561371841155234, 0.3339751689832922, 0.3383374951111646, 0.3421129059717785, 0.34452, 0.34199693518824553, 0.34215566950657433, 0.34195105826730643, 0.33536871770784404, 0.33517237236034486, 0.3343750936086509, 0.33303679417850324, 0.3341112134930492]
300
[0.29737600576438095, 0.341512615162281, 0.37439727331963313, 0.40052478774031985, 0.4245915081698366, 0.4337254274892316, 0.4347503509123722, 0.43171352944114266, 0.42844860336312557, 0.4299753805958901, 0.4227622018677803, 0.41946291993657947, 0.41776483655029567, 0.40960609809634035]
400
[0.3166550174737893, 0.3668180550575674, 0.40249899638699316, 0.4295763373291441, 0.4532646220043028, 0.47364471393408175, 0.4898786635054093, 0.4914001450092645, 0.4905140083829693, 0.4838252727601519, 0.4839369715449193, 0.47306081033564734, 0.4757635526866296, 0.4725346324251719]
500
[0.33135013725979534, 0.38541541058724227, 0.42324862809618874, 0.45181499355534904, 0.47696226208598236, 0.5017614999347593, 0.5195696086078279, 0.5337448927857803, 0.528871575068098, 0.5274957403772381, 0.5233693581697512, 0.5204550666547018, 0.5153480806113125, 0.5105869445968184]
