[16.616082751665477, 17.04285259748406, 17.393131536034748, 17.68465697507344, 17.933612002866642, 18.150826554455527, 18.343579249546313, 18.516931730929493, 18.67452824174178, 18.819074056234772, 18.952630679166706, 19.076804507337595, 19.19287147906159, 19.301861930474164, 19.404619913486048]
[16.6286, 17.0438, 17.563, 17.6888, 17.8926, 18.173, 18.283, 18.4952, 18.625, 18.8604, 18.9358, 19.1496, 19.1378, 19.3474, 19.375]

model:
[[16.61608275166549, 17.042852597483925, 17.39313153603482, 17.684656975073594, 17.933612002866575, 18.150826554455477, 18.343579249546252, 18.516931730929443, 18.6745282417418, 18.81907405623478, 18.95263067916668, 19.076804507337677, 19.192871479061616, 19.301861930474374], [16.39651321774201, 17.666897293501723, 19.11663614255072, 20.248520536365373, 20.871570779892135, 21.433473879354157, 21.92612282986682, 22.361000828703403, 22.74902161584704, 23.098795144499753, 23.41694321819874, 23.708584889365028, 23.9777285922544, 24.227558520566173], [17.000787404982145, 19.11663614255072, 21.46902883004781, 23.948601344883084, 26.5093418358104, 29.127018745746014, 30.289075372388965, 30.70672675737047, 31.09447774643362, 31.45477899397064, 31.790820282047843, 32.10531738277464, 32.4005747015592, 32.678579918106806], [17.666897293501723, 20.66740185321826, 23.948601344883084, 27.37642958119548, 30.896371623603322, 34.48026849778552, 38.11149146102406, 40.19945023421303, 40.60865385259746, 40.99224063404806, 41.34907025254775, 41.68164108425921, 41.992797719255755, 42.2851093807359], [18.375867088576015, 22.284371587039082, 26.5093418358104, 30.896371623603322, 35.38413106349416, 39.94135123270736, 44.54972463921169, 49.19752768050063, 50.34150970466728, 50.74411993889616, 51.12197821134978, 51.475137903176275, 51.80571460679642, 52.116088173385535]]
sim:
100
[16.7342, 17.0874, 17.3636, 17.7232, 18.0012, 18.1394, 18.3438, 18.5714, 18.6756, 18.813, 18.9674, 19.0324, 19.2844, 19.2958]
200
[16.337, 17.6088, 18.8402, 19.772, 20.5874, 21.2222, 21.7354, 22.1734, 22.5518, 23.0682, 23.3176, 23.6364, 23.8988, 24.1152]
300
[17.0406, 19.0826, 21.4194, 23.9966, 26.4488, 28.3654, 29.3522, 30.0668, 30.5924, 30.961, 31.3324, 31.7706, 31.8934, 32.3744]
400
[17.6926, 20.6764, 23.7974, 27.3122, 30.7622, 34.2584, 37.5112, 39.013, 39.8206, 40.2712, 40.596, 41.2762, 41.5112, 41.9236]
500
[18.395, 22.1818, 26.366, 30.7808, 35.315, 39.5698, 44.0868, 47.8694, 49.1944, 49.8502, 50.176, 50.741, 51.2122, 51.6164]





