2-20
[0.07551333650504026, 0.09214826476935749, 0.10177498105202491, 0.10796997150978983, 0.11227453210169952, 0.11543472042003723, 0.1178516206641657, 0.11975914100537595, 0.12130261397368534, 0.12257699710996364, 0.12364691791838253, 0.12455786974670068, 0.1253427962813375, 0.12602613525376, 0.12662639480489707, 0.1271578476990158, 0.12763167647216667, 0.12805676633227814, 0.1284402659798163]
[0.09990208626442519, 0.11070065524744992, 0.12094326148350029, 0.1259306829402453, 0.12811979828421458, 0.12949212839995988, 0.1304440290700223, 0.1311459866185748, 0.1316860752633063, 0.1321149469283479, 0.1324639641741986, 0.1327536435213948, 0.1329979951293369, 0.13320692344193014, 0.13338763383884567, 0.13354549616644718, 0.13368459574922054, 0.13380809667240912, 0.13391848811374701]
renew: [0.13589213850207016, 0.13589213850207016, 0.13589213850207016, 0.13589213850207016, 0.13589213850207016, 0.13589213850207016, 0.13589213850207016, 0.13589213850207016, 0.13589213850207016, 0.13589213850207016, 0.13589213850207016, 0.13589213850207016, 0.13589213850207016, 0.13589213850207016, 0.13589213850207016, 0.13589213850207016, 0.13589213850207016, 0.13589213850207016, 0.13589213850207016]
[0.07712295028516682, 0.11650008767315448, 0.12504366398195554, 0.128933357262503, 0.1306330888427166, 0.13183802242966355, 0.13187198333700506, 0.13334870455673234, 0.13225682044706671, 0.13274704558103156]
[0.073041367634059, 0.10074712129792456, 0.11124658335123899, 0.11705399178603626, 0.12100479474679933, 0.12376123990778536, 0.12606684832879178, 0.12607237599479454, 0.127959813448114, 0.1271556783051237]
[0.13706710737877514, 0.13706540661526984, 0.1360748729440954, 0.13793465595102947, 0.13561517113783533, 0.13532955669454186, 0.13719408819833656, 0.13611873335069202, 0.13641590177375168]

4-40
[0.10177498105202491, 0.10796997150978983, 0.11227453210169952, 0.11543472042003723, 0.1178516206641657, 0.11975914100537595, 0.12130261397368534, 0.12257699710996364, 0.12364691791838253, 0.12455786974670068, 0.1253427962813375, 0.12602613525376, 0.12662639480489707, 0.1271578476990158, 0.12763167647216667, 0.12805676633227814, 0.1284402659798163, 0.1287879918705326, 0.12910472461753658, 0.12939442966327913, 0.1296604238643498, 0.1299055028429772, 0.13013203947464508, 0.13034206086401026, 0.13053730909677427, 0.13071928962055002, 0.1308893100965544, 0.13104851184174726, 0.13119789545892824, 0.13133834187049698, 0.1314706296894489, 0.1315954496506455, 0.13171341666672862, 0.13182507995261145, 0.13193093157006577, 0.13203141367273322, 0.13212692467642786]
[0.12094326148350029, 0.1259306829402453, 0.12811979828421458, 0.12949212839995988, 0.1304440290700223, 0.1311459866185748, 0.1316860752633063, 0.1321149469283479, 0.1324639641741986, 0.1327536435213948, 0.1329979951293369, 0.13320692344193014, 0.13338763383884567, 0.13354549616644718, 0.13368459574922054, 0.13380809667240912, 0.13391848811374701, 0.13401775549962414, 0.13410750200280994, 0.13418903644181832, 0.13426343795929882, 0.13433160434338628, 0.13439428862883251, 0.13445212716860622, 0.134505661410954, 0.1345553549704068, 0.13460160713906616, 0.134644763675814, 0.1346851254927445, 0.13472295570233647, 0.13475848537552051, 0.1347919182776772, 0.13482343478825629, 0.13485319516381772, 0.13488134226923634, 0.13490800387568755, 0.13493329460339412]
[0.13589213850207016, 0.13589213850207016, 0.13589213850207016, 0.13589213850207016, 0.13589213850207016, 0.13589213850207016, 0.13589213850207016, 0.13589213850207016, 0.13589213850207016, 0.13589213850207016, 0.13589213850207016, 0.13589213850207016, 0.13589213850207016, 0.13589213850207016, 0.13589213850207016, 0.13589213850207016, 0.13589213850207016, 0.13589213850207016, 0.13589213850207016, 0.13589213850207016, 0.13589213850207016, 0.13589213850207016, 0.13589213850207016, 0.13589213850207016, 0.13589213850207016, 0.13589213850207016, 0.13589213850207016, 0.13589213850207016, 0.13589213850207016, 0.13589213850207016, 0.13589213850207016, 0.13589213850207016, 0.13589213850207016, 0.13589213850207016, 0.13589213850207016, 0.13589213850207016, 0.13589213850207016]
[0.09083328756384842, 0.10385732892495741, 0.10868455556334011, 0.11537750138722949, 0.11771957783323811, 0.12100654925921489, 0.12315592997025533, 0.12223151379799002, 0.1242464718624464, 0.12551702115982377, 0.12691256079456562, 0.1278431646701055, 0.1280420850885424, 0.12733633734480806, 0.1296863793440699, 0.12930133994392326, 0.12991537829112274, 0.12948457112578543, 0.1315901328652795]
[0.11632589993320906, 0.12723637286061745, 0.12811042865067743, 0.13081979872334237, 0.13045369763825201, 0.1326496427374958, 0.13177004990686045, 0.1329954526332659, 0.1329310577745756, 0.1344913646800439, 0.13437367144321904, 0.13478028269010583, 0.1337919458057941, 0.13330864469377746, 0.13455743219566893, 0.13367484389161796, 0.13409312439079255, 0.1334461314247497, 0.13508470070078105]
[0.13580809649272196, 0.13682939416866674, 0.13663162522983452, 0.1338329977873901, 0.137220841195204, 0.13590115916428397, 0.13552061334587784, 0.13593768711827872, 0.13606228877346546, 0.13606469381305214, 0.13596821768490192, 0.1374568213516229, 0.1355732611745841, 0.13541248695931304, 0.13632957678935378, 0.13409048910464832, 0.13512662183445415, 0.1357026978309199, 0.137822004092435]

[0.06392045109057258, 0.08516558663330182, 0.09784722460049387, 0.10545620738080885, 0.11052886256768582, 0.11415218770116956, 0.11686968155128195, 0.11898328787914736, 0.12067417294143941, 0.12205762435604214, 0.12321050053487785, 0.12418601114773925, 0.12502216310161984, 0.1257468281283168, 0.1263809100266752, 0.12694039405463978, 0.12743771319060898, 0.1278826829438432, 0.12828315572175486, 0.12864548823510374, 0.12897488142905644, 0.12927563173657838, 0.12955131951847335, 0.1298049522778174, 0.13003907482490384, 0.13025585496109587, 0.130457150801845, 0.13064456417081902, 0.13081948331519336, 0.1309831173534789, 0.13113652426437314, 0.1312806337867269, 0.13141626627835548, 0.1315441483418888, 0.1316649258463395, 0.13177917483703436, 0.13188741072295623, 0.13199009605062711, 0.13208764711191154]
[0.06392045109057258, 0.08555540765432741, 0.10340829542997355, 0.11863124547990789, 0.12720046246747121, 0.12896866624179473, 0.13009793936010783, 0.13089833197304487, 0.13149947142608143, 0.1319690439734526, 0.13234663804350658, 0.1326571874076781, 0.13291726232214543, 0.13313833990234905, 0.1333286373067001, 0.13349420034550805, 0.1336395804048727, 0.1337682716208482, 0.13388300234913897, 0.13398593485337645, 0.13407880537911024, 0.13416302446366396, 0.134239750096695, 0.13430994195764756, 0.13437440221848215, 0.13443380664886462, 0.1344887286158105, 0.13453965780556038, 0.13458701497616998, 0.13463116369072084, 0.1346724197293321, 0.13471105869936975, 0.13474732223433827, 0.13478142307798877, 0.13481354928101683, 0.13484386768611073, 0.13487252683842096, 0.13489965942911303, 0.13492538435718449]
[0.13589213850207016, 0.13589213850207016, 0.13589213850207016, 0.13589213850207016, 0.13589213850207016, 0.13589213850207016, 0.13589213850207016, 0.13589213850207016, 0.13589213850207016, 0.13589213850207016, 0.13589213850207016, 0.13589213850207016, 0.13589213850207016, 0.13589213850207016, 0.13589213850207016, 0.13589213850207016, 0.13589213850207016, 0.13589213850207016, 0.13589213850207016, 0.13589213850207016, 0.13589213850207016, 0.13589213850207016, 0.13589213850207016, 0.13589213850207016, 0.13589213850207016, 0.13589213850207016, 0.13589213850207016, 0.13589213850207016, 0.13589213850207016, 0.13589213850207016, 0.13589213850207016, 0.13589213850207016, 0.13589213850207016, 0.13589213850207016, 0.13589213850207016, 0.13589213850207016, 0.13589213850207016, 0.13589213850207016, 0.13589213850207016]



[0.06392045109057258, 0.07530790908550089, 0.08516558663330182, 0.09241223690026909, 0.09784722460049387, 0.10207443725622513, 0.10545620738080885, 0.10822311021001459, 0.11052886256768582, 0.11247988379340783, 0.11415218770116956, 0.11560151775456265, 0.11686968155128195, 0.11798864960721024, 0.11898328787914736, 0.11987322738561706, 0.12067417294143941, 0.12139883796813657, 0.12205762435604214, 0.12265912497108698, 0.12321050053487785, 0.12371776605356573, 0.12418601114773925, 0.12461957142012152, 0.12502216310161984, 0.1253969898395654, 0.1257468281283168, 0.12607409620488905, 0.1263809100266752, 0.12666912907138503, 0.12694039405463978, 0.12719615818170937, 0.12743771319060898, 0.12766621117199922, 0.1278826829438432, 0.1280880535991831, 0.12828315572175486, 0.12846874066761685, 0.12864548823510374, 0.12881401498549755, 0.12897488142905644, 0.12912859825290035, 0.12927563173657838, 0.12941640847626856, 0.12955131951847335, 0.12968072398752778, 0.1298049522778174, 0.12992430887045014, 0.13003907482490384, 0.1301495099886239, 0.13025585496109587, 0.13035833284365944, 0.130457150801845, 0.13055250146325356, 0.13064456417081902, 0.13073350610863588, 0.13081948331519336, 0.13090264159694584, 0.1309831173534789, 0.13106103832409202, 0.13113652426437314, 0.1312096875603369, 0.1312806337867269, 0.13134946221531457, 0.13141626627835548, 0.13148113399174263, 0.1315441483418888, 0.13160538763992088, 0.1316649258463395, 0.13172283286902076, 0.13177917483703436, 0.13183401435256834, 0.13188741072295623, 0.1319394201746343, 0.13199009605062711, 0.13203948899304974, 0.13208764711191154, 0.13213461614141983]
[0.06392045109057258, 0.07530790908550089, 0.08555540765432741, 0.09486902139296127, 0.10340829542997355, 0.11129641814864447, 0.11863124547990789, 0.12549067092303964, 0.12720046246747121, 0.12819987947628897, 0.12896866624179473, 0.12958685094685385, 0.13009793936010783, 0.1305290331924407, 0.13089833197304487, 0.1312186790440995, 0.13149947142608143, 0.13174777945049673, 0.1319690439734526, 0.13216753084450408, 0.13234663804350658, 0.13250910945996527, 0.1326571874076781, 0.13279272374471934, 0.13291726232214543, 0.13303210114443237, 0.13313833990234905, 0.13323691678355787, 0.1333286373067001, 0.13341419714227476, 0.13349420034550805, 0.13356917405016697, 0.1336395804048727, 0.133705826341001, 0.1337682716208482, 0.13382723551107736, 0.13388300234913897, 0.1339358262121532, 0.13398593485337645, 0.13403353303741733, 0.13407880537911024, 0.1341219187704082, 0.13416302446366396, 0.13420225986691112, 0.134239750096695, 0.13427560932591032, 0.13430994195764756, 0.13434284365074103, 0.13437440221848215, 0.1344046984184979, 0.13443380664886462, 0.13446179556323623, 0.1344887286158105, 0.1345146645452661, 0.13453965780556038, 0.13456375895025963, 0.13458701497616998, 0.13460946963119128, 0.13463116369072084, 0.1346521352062346, 0.1346724197293321, 0.13469205051397012, 0.13471105869936975, 0.1347294734756864, 0.13474732223433827, 0.13476463070461042, 0.13478142307798877, 0.1347977221214728, 0.13481354928101683, 0.1348289247760725, 0.13484386768611073, 0.1348583960299315, 0.13487252683842096, 0.13488627622139923, 0.13489965942911303, 0.13491269090885807, 0.13492538435718449, 0.13493775276806588]
[0.13589213850207016, 0.13589213850207016, 0.13589213850207016, 0.13589213850207016, 0.13589213850207016, 0.13589213850207016, 0.13589213850207016, 0.13589213850207016, 0.13589213850207016, 0.13589213850207016, 0.13589213850207016, 0.13589213850207016, 0.13589213850207016, 0.13589213850207016, 0.13589213850207016, 0.13589213850207016, 0.13589213850207016, 0.13589213850207016, 0.13589213850207016, 0.13589213850207016, 0.13589213850207016, 0.13589213850207016, 0.13589213850207016, 0.13589213850207016, 0.13589213850207016, 0.13589213850207016, 0.13589213850207016, 0.13589213850207016, 0.13589213850207016, 0.13589213850207016, 0.13589213850207016, 0.13589213850207016, 0.13589213850207016, 0.13589213850207016, 0.13589213850207016, 0.13589213850207016, 0.13589213850207016, 0.13589213850207016, 0.13589213850207016, 0.13589213850207016, 0.13589213850207016, 0.13589213850207016, 0.13589213850207016, 0.13589213850207016, 0.13589213850207016, 0.13589213850207016, 0.13589213850207016, 0.13589213850207016, 0.13589213850207016, 0.13589213850207016, 0.13589213850207016, 0.13589213850207016, 0.13589213850207016, 0.13589213850207016, 0.13589213850207016, 0.13589213850207016, 0.13589213850207016, 0.13589213850207016, 0.13589213850207016, 0.13589213850207016, 0.13589213850207016, 0.13589213850207016, 0.13589213850207016, 0.13589213850207016, 0.13589213850207016, 0.13589213850207016, 0.13589213850207016, 0.13589213850207016, 0.13589213850207016, 0.13589213850207016, 0.13589213850207016, 0.13589213850207016, 0.13589213850207016, 0.13589213850207016, 0.13589213850207016, 0.13589213850207016, 0.13589213850207016, 0.13589213850207016]
[0.06277679472952843, 0.09638271179154984, 0.11021516107141431, 0.11692549066634689, 0.12038607017086214, 0.1225768162345208, 0.12457600063849315, 0.1253961975053953, 0.12690595366853635, 0.12715212602830042, 0.1284941072893531, 0.1288674254568772, 0.1304478418886853, 0.13001992450714378, 0.13132458502130465, 0.1306530399791796, 0.1326617046337368, 0.13193915969079184, 0.1316768256005133, 0.13228292960729754]
[0.06392664498423624, 0.10092460021375708, 0.12164139232731976, 0.12695380861425842, 0.1299207684511655, 0.1305499134883021, 0.1311100709106844, 0.13146217882733877, 0.13462519122896482, 0.13294562955907052, 0.13384186195601544, 0.13163726752717797, 0.1342754242156319, 0.13285576360298348, 0.13264153395515302, 0.13552719206445377, 0.13354141010235981, 0.1342013671532664, 0.13481886903838747, 0.13444405069103724]




uniform 4-40
[0.10177498105202491, 0.10517784976113859, 0.10796997150978983, 0.11030060122570066, 0.11227453210169952, 0.1139673181892544, 0.11543472042003723, 0.11671874625633243, 0.1178516206641657, 0.11885846418471274, 0.11975914100537595, 0.12056956093935196, 0.12130261397368534, 0.12196885250985554, 0.12257699710996364, 0.12313431667788896, 0.12364691791838253, 0.12411996831420247, 0.12455786974670068, 0.12496439503177877, 0.1253427962813375, 0.12569589163849426, 0.12602613525376, 0.12633567415795738, 0.12662639480489707, 0.126899961406461, 0.1271578476990158, 0.12740136341672856, 0.12763167647216667, 0.12784983163430758, 0.12805676633227814, 0.128253324087611, 0.1284402659798163, 0.12861828047302845, 0.1287879918705326, 0.12894996761551233, 0.12910472461753658, 0.1292527347530974, 0.12939442966327913, 0.1295302049510987, 0.1296604238643498, 0.12978542053600556, 0.1299055028429772, 0.13002095493461688, 0.13013203947464508, 0.13023899963365757, 0.13034206086401026, 0.13044143248428525, 0.13053730909677427, 0.1306298718581122, 0.13071928962055002, 0.13080571995893794, 0.1308893100965544, 0.13097019774123447, 0.13104851184174726, 0.13112437327317192, 0.13119789545892824, 0.13126918493617193, 0.13133834187049698, 0.1314054605251603, 0.1314706296894489, 0.13153393307027592, 0.1315954496506455, 0.13165525401819897, 0.13171341666672862, 0.13177000427320498, 0.13182507995261145, 0.13187870349263972, 0.13193093157006577, 0.13198181795046457, 0.13203141367273322, 0.13207976721976078, 0.13212692467642786, 0.13217292987604937]
[0.12094326148350029, 0.12419908056350894, 0.1259306829402453, 0.1271707367179963, 0.12811979828421458, 0.1288748782685497, 0.12949212839995988, 0.13000718008227197, 0.1304440290700223, 0.13081954488413905, 0.1311459866185748, 0.13143250335185333, 0.1316860752633063, 0.1319121279797876, 0.1321149469283479, 0.13229796456146264, 0.1324639641741986, 0.13261522750089452, 0.1327536435213948, 0.1328807899491895, 0.1329979951293369, 0.13310638565792887, 0.13320692344193014, 0.13330043484626275, 0.13338763383884567, 0.13346914053331524, 0.13354549616644718, 0.1336171752875787, 0.13368459574922054, 0.13374812694923752, 0.13380809667240912, 0.13386479680195507, 0.13391848811374701, 0.13396940432040214, 0.13401775549962414, 0.1340637310131379, 0.13410750200280994, 0.1341492235338446, 0.13418903644181832, 0.13422706893062705, 0.13426343795929882, 0.13429825045002328, 0.13433160434338628, 0.13436358952314897, 0.13439428862883251, 0.1344237777719349, 0.13445212716860622, 0.1344794017002293, 0.134505661410954, 0.1345309619507475, 0.1345553549704068, 0.13457888847476376, 0.13460160713906616, 0.13462355259296177, 0.134644763675814, 0.13466527666683845, 0.1346851254927445, 0.1347043419154818, 0.13472295570233647, 0.13474099478015109, 0.13475848537552051, 0.13477545214226086, 0.1347919182776772, 0.13480790562857978, 0.13482343478825629, 0.13483852518506917, 0.13485319516381772, 0.13486746206017397, 0.13488134226923634, 0.13489485130847553, 0.13490800387568755, 0.13492081390244015, 0.13493329460339412, 0.13494545852186765]
[0.13589213850207016, 0.13589213850207016, 0.13589213850207016, 0.13589213850207016, 0.13589213850207016, 0.13589213850207016, 0.13589213850207016, 0.13589213850207016, 0.13589213850207016, 0.13589213850207016, 0.13589213850207016, 0.13589213850207016, 0.13589213850207016, 0.13589213850207016, 0.13589213850207016, 0.13589213850207016, 0.13589213850207016, 0.13589213850207016, 0.13589213850207016, 0.13589213850207016, 0.13589213850207016, 0.13589213850207016, 0.13589213850207016, 0.13589213850207016, 0.13589213850207016, 0.13589213850207016, 0.13589213850207016, 0.13589213850207016, 0.13589213850207016, 0.13589213850207016, 0.13589213850207016, 0.13589213850207016, 0.13589213850207016, 0.13589213850207016, 0.13589213850207016, 0.13589213850207016, 0.13589213850207016, 0.13589213850207016, 0.13589213850207016, 0.13589213850207016, 0.13589213850207016, 0.13589213850207016, 0.13589213850207016, 0.13589213850207016, 0.13589213850207016, 0.13589213850207016, 0.13589213850207016, 0.13589213850207016, 0.13589213850207016, 0.13589213850207016, 0.13589213850207016, 0.13589213850207016, 0.13589213850207016, 0.13589213850207016, 0.13589213850207016, 0.13589213850207016, 0.13589213850207016, 0.13589213850207016, 0.13589213850207016, 0.13589213850207016, 0.13589213850207016, 0.13589213850207016, 0.13589213850207016, 0.13589213850207016, 0.13589213850207016, 0.13589213850207016, 0.13589213850207016, 0.13589213850207016, 0.13589213850207016, 0.13589213850207016, 0.13589213850207016, 0.13589213850207016, 0.13589213850207016, 0.13589213850207016]
[0.10029932342515516, 0.11093629190118058, 0.1166581309091782, 0.12077714354263093, 0.12291794941506673, 0.12473600051297054, 0.12658284935433275, 0.1274015489866013, 0.12776380802895743, 0.1289795282167697, 0.12944637737411893, 0.12954839407202148, 0.1304400910705797, 0.13082052107783965, 0.13143161477209253, 0.13137009648679376, 0.13235806757942567, 0.13146348464345758, 0.1312168307430913]
[0.11611377727256353, 0.12622962942236896, 0.12925733360934685, 0.13079061040752177, 0.13199126398252797, 0.13191619507573107, 0.13247465223415483, 0.1333449888107417, 0.13334939402542254, 0.1343117020255352, 0.1340138419365924, 0.13452875762190547, 0.1340671371443897, 0.1338482586045452, 0.1342466027278134, 0.13492281437203482, 0.13461649973906106, 0.13455903046911333, 0.1349547143578741]
[0.13668498036675383, 0.13572073940071439, 0.1360563081370904, 0.13643921969673514, 0.13624561859015968, 0.13609040610711462, 0.13574786979157283, 0.13648819277060253, 0.13590157894947602, 0.1360422969176481, 0.13536792737033743, 0.1360255654258051, 0.1362093335225921, 0.13525109087193624, 0.13593695596435168, 0.13657221079534718, 0.13517553395574883, 0.13652610646034416, 0.13561861384951907]
